################################################################################
# HI-MaNGA: HI Followup for the MaNGA Survey
# Observed under code: GBT16A_095
# Masters, K.L. et al. in prep.
################################################################################
# Telescope:   Robert C. Bryd Green Bank Telescope
# Beam Size:   9.0 [arcminutes] FWHM
# Object (MaNGA plate-ifu format): 8083-3702
# RA Dec (J2000): 03 19 53.6  +00 23 29
# Rest Frequency  1420.4058 [MHz]
# Central velocity [km/s]: 7148.3   
# Integration time [seconds] is: 538.2   
# Date(s) of observations (UT): 2016-02-05 
################################################################################
# ASCII Table
# Generated by K. Masters   Fri Mar  3 13:44:51 2017
# The spectrum is baselined and Hanning smoothed
# Columns are: Velocity of HI (km/s), Flux (mJy)
################################################################################
       4758.3147   0.00555487
       4763.3006   0.00397430
       4768.2867   0.00237336
       4773.2730   0.00282764
       4778.2594   0.00446381
       4783.2460   0.00405273
       4788.2328   0.00402398
       4793.2197   0.00512544
       4798.2068   0.00410928
       4803.1940   0.00249257
       4808.1814   0.00152945
       4813.1690 -0.000621076
       4818.1568 -0.000889170
       4823.1447   0.00243841
       4828.1327   0.00412258
       4833.1210   0.00258686
       4838.1093 -0.000497356
       4843.0979  -0.00259333
       4848.0866  -0.00222690
       4853.0755  -0.00167850
       4858.0645 -1.93062e-05
       4863.0538  0.000628555
       4868.0431  -0.00212530
       4873.0327  -0.00436883
       4878.0224  -0.00457392
       4883.0122  -0.00241828
       4888.0022   0.00181646
       4892.9924   0.00174181
       4897.9828  -0.00193497
       4902.9733  -0.00236322
       4907.9640  -0.00160679
       4912.9548  -0.00205374
       4917.9458  -0.00194876
       4922.9370 -0.000614375
       4927.9283  -0.00113950
       4932.9198  -0.00353282
       4937.9115  -0.00357470
       4942.9033  -0.00162333
       4947.8953  0.000387413
       4952.8874  0.000566858
       4957.8798  -0.00172413
       4962.8722  -0.00253247
       4967.8649  0.000196523
       4972.8577   0.00216659
       4977.8507   0.00187560
       4982.8438  0.000655813
       4987.8371 -0.000370200
       4992.8305 -0.000134469
       4997.8242   0.00112161
       5002.8180   0.00278116
       5007.8119   0.00318817
       5012.8060   0.00230317
       5017.8003   0.00240724
       5022.7947   0.00288959
       5027.7893  0.000575111
       5032.7841  -0.00142748
       5037.7790  -0.00293309
       5042.7741  -0.00396575
       5047.7694  -0.00134868
       5052.7648  0.000886371
       5057.7604  0.000730074
       5062.7562 -0.000655452
       5067.7521  -0.00123024
       5072.7482  1.19113e-05
       5077.7444   0.00129221
       5082.7408  0.000239063
       5087.7374  -0.00155269
       5092.7341   0.00119655
       5097.7310   0.00485407
       5102.7281   0.00432391
       5107.7253   0.00120750
       5112.7227 -0.000922864
       5117.7202   0.00134608
       5122.7179   0.00451973
       5127.7158   0.00336739
       5132.7139  0.000818820
       5137.7121  0.000461993
       5142.7104  0.000512109
       5147.7090  0.000391870
       5152.7077 -0.000204432
       5157.7065 -0.000771436
       5162.7056  0.000990289
       5167.7048   0.00267579
       5172.7041   0.00299263
       5177.7036   0.00286042
       5182.7033  0.000791021
       5187.7032  -0.00234561
       5192.7032  -0.00166305
       5197.7034  0.000524531
       5202.7037  4.11055e-05
       5207.7042 -0.000418803
       5212.7049  -0.00145198
       5217.7057  -0.00220528
       5222.7067 -0.000557091
       5227.7078 -2.51940e-05
       5232.7092 -0.000477322
       5237.7107 -0.000539882
       5242.7123  -0.00116097
       5247.7141  0.000669768
       5252.7161   0.00208146
       5257.7182  -0.00103817
       5262.7206  -0.00173016
       5267.7230  0.000455248
       5272.7257 -0.000932783
       5277.7285  -0.00328514
       5282.7314  -0.00286841
       5287.7345  0.000240095
       5292.7378   0.00504613
       5297.7413   0.00675906
       5302.7449   0.00321832
       5307.7487  2.22135e-05
       5312.7526  5.53082e-05
       5317.7568  8.89138e-05
       5322.7610 -0.000811240
       5327.7655 -0.000429497
       5332.7701 -0.000232010
       5337.7748  -0.00167498
       5342.7798 -0.000976870
       5347.7849   0.00200528
       5352.7901   0.00368642
       5357.7956   0.00352012
       5362.8012   0.00174568
       5367.8069  5.30749e-05
       5372.8128  0.000366525
       5377.8189   0.00117792
       5382.8252   0.00180668
       5387.8316   0.00226040
       5392.8381  4.36576e-05
       5397.8449  -0.00286854
       5402.8518 -0.000891082
       5407.8588   0.00289193
       5412.8661   0.00433388
       5417.8735   0.00498212
       5422.8810   0.00354869
       5427.8888   0.00132930
       5432.8967   0.00191631
       5437.9047   0.00268699
       5442.9129   0.00175111
       5447.9213  0.000302740
       5452.9299 -0.000701477
       5457.9386  0.000377943
       5462.9474  0.000692585
       5467.9565 -0.000902793
       5472.9657  -0.00156833
       5477.9751  -0.00142808
       5482.9846  0.000213418
       5487.9943   0.00298820
       5493.0041   0.00352582
       5498.0142   0.00237854
       5503.0244   0.00140106
       5508.0347  -0.00148079
       5513.0452  -0.00553307
       5518.0559  -0.00534328
       5523.0668  -0.00128933
       5528.0778  -0.00113867
       5533.0890  -0.00371903
       5538.1003  -0.00345479
       5543.1118  -0.00114687
       5548.1235   0.00114013
       5553.1353  0.000395744
       5558.1473  -0.00122807
       5563.1595 -0.000977030
       5568.1718  -0.00155791
       5573.1843  -0.00245491
       5578.1970  -0.00234953
       5583.2098  -0.00136874
       5588.2228 -0.000945053
       5593.2359  -0.00114722
       5598.2492  0.000630252
       5603.2627   0.00118049
       5608.2764 -0.000753947
       5613.2902  -0.00103153
       5618.3042   0.00115635
       5623.3183   0.00412517
       5628.3326   0.00425287
       5633.3471   0.00181657
       5638.3617  0.000271421
       5643.3765 -0.000602243
       5648.3915 -0.000436722
       5653.4066  0.000378678
       5658.4219  0.000938892
       5663.4373   0.00244954
       5668.4530   0.00222634
       5673.4688  0.000303761
       5678.4847  0.000322255
       5683.5008   0.00172034
       5688.5171   0.00287017
       5693.5335   0.00134004
       5698.5502 -0.000321680
       5703.5669  0.000821827
       5708.5839   0.00132786
       5713.6010   0.00141411
       5718.6182  0.000904495
       5723.6357  -0.00125379
       5728.6533  -0.00171719
       5733.6710 -0.000349420
       5738.6890  0.000325566
       5743.7071  0.000375954
       5748.7253  0.000569245
       5753.7438  0.000229016
       5758.7623 -0.000828939
       5763.7811  0.000900312
       5768.8000   0.00372984
       5773.8191   0.00231835
       5778.8383   0.00182458
       5783.8578   0.00240876
       5788.8773  0.000782087
       5793.8971  0.000293161
       5798.9170 -0.000274790
       5803.9371  -0.00125424
       5808.9573 -0.000737666
       5813.9777  8.51917e-06
       5818.9983 -0.000897375
       5824.0190  -0.00298522
       5829.0399  -0.00394538
       5834.0609  -0.00398708
       5839.0822  -0.00468904
       5844.1036  -0.00374971
       5849.1251  -0.00125391
       5854.1468  -0.00137628
       5859.1687  -0.00191533
       5864.1908 -0.000858649
       5869.2130  -0.00119885
       5874.2354  -0.00238953
       5879.2579  -0.00268981
       5884.2806  -0.00256244
       5889.3035  -0.00397246
       5894.3266  -0.00458569
       5899.3498  -0.00322989
       5904.3731  -0.00346989
       5909.3967  -0.00315247
       5914.4204 -0.000970683
       5919.4443  9.97989e-05
       5924.4683 -0.000730248
       5929.4925  -0.00238731
       5934.5168  -0.00321212
       5939.5414  -0.00242424
       5944.5661  -0.00213430
       5949.5909  -0.00248100
       5954.6160  -0.00122204
       5959.6411 -0.000756474
       5964.6665  -0.00196521
       5969.6920  -0.00156795
       5974.7177  6.32332e-05
       5979.7435   0.00103203
       5984.7696   0.00132441
       5989.7957  0.000197577
       5994.8221  -0.00178533
       5999.8486  -0.00128910
       6004.8753   0.00132074
       6009.9021   0.00153007
       6014.9291 -1.99843e-05
       6019.9563  0.000459534
       6024.9836   0.00168998
       6030.0111   0.00277384
       6035.0388   0.00223764
       6040.0666 -0.000101052
       6045.0946  0.000508480
       6050.1228   0.00202904
       6055.1511   0.00175286
       6060.1796  0.000534414
       6065.2083  -0.00155923
       6070.2371  -0.00125295
       6075.2661 -0.000501709
       6080.2953  -0.00289047
       6085.3246  -0.00361587
       6090.3541  -0.00259592
       6095.3837  -0.00391319
       6100.4135  -0.00443991
       6105.4435  -0.00177215
       6110.4737   0.00144261
       6115.5040  0.000956609
       6120.5345  -0.00130951
       6125.5651  4.92078e-05
       6130.5959   0.00228349
       6135.6269   0.00231962
       6140.6580   0.00181657
       6145.6893   0.00302158
       6150.7208   0.00321094
       6155.7524  9.16493e-05
       6160.7842  -0.00188216
       6165.8162  -0.00153331
       6170.8483 -0.000487266
       6175.8806  0.000566383
       6180.9131   0.00167696
       6185.9457   0.00160317
       6190.9785 -0.000525374
       6196.0115  -0.00252913
       6201.0446  -0.00314006
       6206.0779  -0.00233700
       6211.1114 -0.000298885
       6216.1450   0.00246888
       6221.1788   0.00287148
       6226.2127  0.000829748
       6231.2469  -0.00114012
       6236.2812  -0.00201794
       6241.3156  -0.00121276
       6246.3502  -0.00102210
       6251.3850  -0.00121265
       6256.4200 -0.000666857
       6261.4551  7.82796e-06
       6266.4903  0.000436765
       6271.5258  -0.00110527
       6276.5614  -0.00201624
       6281.5972  -0.00130764
       6286.6331 -0.000805946
       6291.6692  0.000326839
       6296.7055   0.00162592
       6301.7420   0.00207734
       6306.7786   0.00113090
       6311.8153  0.000426973
       6316.8523  -0.00152866
       6321.8894  -0.00431231
       6326.9266  -0.00269682
       6331.9641 -0.000318603
       6337.0017  -0.00184741
       6342.0394  -0.00330824
       6347.0774  -0.00229101
       6352.1155 -0.000198959
       6357.1537  0.000850154
       6362.1922 -7.31436e-05
       6367.2308 -0.000606929
       6372.2695  0.000342066
       6377.3085   0.00203653
       6382.3475   0.00287415
       6387.3868   0.00195774
       6392.4262 -0.000293818
       6397.4658  -0.00182527
       6402.5056 -0.000992596
       6407.5455  0.000664788
       6412.5856  0.000854818
       6417.6258  -0.00160426
       6422.6663  -0.00218717
       6427.7069  -0.00121047
       6432.7476  -0.00195031
       6437.7885  -0.00123041
       6442.8296  -0.00157840
       6447.8709  -0.00335753
       6452.9123 -0.000735829
       6457.9539   0.00245395
       6462.9956  0.000323952
       6468.0375 -0.000421239
       6473.0796   0.00181546
       6478.1218  0.000430474
       6483.1643  -0.00211711
       6488.2068  -0.00150913
       6493.2496   0.00139273
       6498.2925   0.00237602
       6503.3356  0.000280709
       6508.3788  -0.00194318
       6513.4222  -0.00307546
       6518.4658 -0.000867787
       6523.5095   0.00320466
       6528.5534   0.00361722
       6533.5975   0.00169299
       6538.6418  0.000745030
       6543.6862  0.000196015
       6548.7307 -0.000650597
       6553.7755 -0.000619701
       6558.8204  0.000504918
       6563.8654   0.00155018
       6568.9107   0.00329169
       6573.9561   0.00427295
       6579.0016   0.00292883
       6584.0474   0.00164125
       6589.0933   0.00140673
       6594.1393  0.000390392
       6599.1856 -0.000957409
       6604.2320  -0.00177190
       6609.2785  -0.00131555
       6614.3253  0.000871032
       6619.3722  0.000982567
       6624.4192 -0.000530154
       6629.4665  0.000958486
       6634.5139   0.00463938
       6639.5614   0.00470132
       6644.6092   0.00217267
       6649.6571   0.00213417
       6654.7051   0.00146081
       6659.7534  0.000968269
       6664.8017   0.00265174
       6669.8503   0.00133586
       6674.8990 -0.000999171
       6679.9479 -0.000665471
       6684.9970  0.000692021
       6690.0462   0.00205183
       6695.0956   0.00198955
       6700.1452  0.000785358
       6705.1949   0.00133404
       6710.2448   0.00183049
       6715.2948 -0.000206796
       6720.3451  -0.00100387
       6725.3955  -0.00128115
       6730.4460  -0.00140264
       6735.4967   0.00259132
       6740.5476   0.00524062
       6745.5987   0.00283921
       6750.6499   0.00127142
       6755.7013   0.00227162
       6760.7529   0.00149752
       6765.8046 -0.000993156
       6770.8565 -0.000339286
       6775.9085 -0.000187455
       6780.9608  -0.00345671
       6786.0131  -0.00268384
       6791.0657  0.000872484
       6796.1184  0.000901178
       6801.1713 -0.000298604
       6806.2244  0.000166469
       6811.2776   0.00125492
       6816.3310  0.000851983
       6821.3845 -0.000103517
       6826.4383  0.000612719
       6831.4921   0.00195040
       6836.5462   0.00162368
       6841.6004  0.000561525
       6846.6548   0.00267651
       6851.7094   0.00496399
       6856.7641   0.00353903
       6861.8190   0.00175111
       6866.8740  0.000177337
       6871.9292 -0.000256673
       6876.9846   0.00138499
       6882.0402   0.00182942
       6887.0959   0.00150162
       6892.1518   0.00122483
       6897.2079  0.000875197
       6902.2641  0.000959064
       6907.3205   0.00112029
       6912.3770   0.00253527
       6917.4337   0.00364467
       6922.4906   0.00374475
       6927.5477   0.00221194
       6932.6049 -0.000805200
       6937.6623 -0.000146210
       6942.7198   0.00180705
       6947.7776   0.00305766
       6952.8355   0.00432809
       6957.8935   0.00371647
       6962.9517   0.00303739
       6968.0101   0.00282939
       6973.0687   0.00338791
       6978.1274   0.00258719
       6983.1863  0.000441923
       6988.2454  0.000260315
       6993.3046 -0.000376811
       6998.3640  0.000788490
       7003.4235   0.00351208
       7008.4832   0.00126288
       7013.5431 -0.000687081
       7018.6032   0.00167873
       7023.6634   0.00420261
       7028.7238   0.00516045
       7033.7844   0.00582695
       7038.8451   0.00619189
       7043.9060   0.00483808
       7048.9671   0.00442542
       7054.0283   0.00432218
       7059.0897   0.00143260
       7064.1512  -0.00233942
       7069.2130  -0.00329523
       7074.2749  0.000179218
       7079.3369   0.00420403
       7084.3991   0.00408593
       7089.4615   0.00127463
       7094.5241  0.000381696
       7099.5868   0.00370866
       7104.6497   0.00693411
       7109.7128   0.00672919
       7114.7760   0.00471768
       7119.8394   0.00299851
       7124.9030   0.00453752
       7129.9667   0.00635116
       7135.0306   0.00662697
       7140.0947   0.00828476
       7145.1589   0.00631609
       7150.2233   0.00363680
       7155.2879   0.00661124
       7160.3526   0.00795784
       7165.4175   0.00619772
       7170.4826   0.00627136
       7175.5478   0.00688850
       7180.6132   0.00590086
       7185.6788   0.00559487
       7190.7445   0.00492780
       7195.8104   0.00220700
       7200.8765   0.00169964
       7205.9428   0.00326732
       7211.0092   0.00356981
       7216.0757   0.00224935
       7221.1425   0.00124868
       7226.2094   0.00267373
       7231.2765   0.00287818
       7236.3437  0.000577587
       7241.4111  0.000526989
       7246.4787   0.00292088
       7251.5464   0.00386339
       7256.6143   0.00405179
       7261.6824   0.00469555
       7266.7507   0.00391531
       7271.8191   0.00411418
       7276.8877   0.00376380
       7281.9564   0.00110256
       7287.0253  0.000208731
       7292.0944 -0.000467621
       7297.1637  -0.00122106
       7302.2331  0.000149818
       7307.3027   0.00161238
       7312.3724   0.00162483
       7317.4423  0.000553492
       7322.5124  0.000397396
       7327.5827   0.00114429
       7332.6531 -0.000528492
       7337.7237  -0.00275201
       7342.7945  -0.00234890
       7347.8654  -0.00186185
       7352.9365 -0.000645389
       7358.0077   0.00105388
       7363.0792   0.00107391
       7368.1508   0.00121751
       7373.2225  0.000456342
       7378.2944  -0.00178012
       7383.3665 -0.000675743
       7388.4388   0.00215265
       7393.5112  0.000798135
       7398.5838 -0.000377021
       7403.6566  0.000562241
       7408.7295  0.000468231
       7413.8026 -0.000960055
       7418.8759  -0.00222684
       7423.9493  -0.00105964
       7429.0230   0.00115891
       7434.0967   0.00255437
       7439.1707   0.00209319
       7444.2448  0.000104723
       7449.3190  -0.00127249
       7454.3935  -0.00120492
       7459.4681  -0.00115615
       7464.5429  0.000565395
       7469.6178   0.00276712
       7474.6929   0.00127776
       7479.7682  0.000756154
       7484.8437   0.00242230
       7489.9193   0.00264018
       7494.9951   0.00226842
       7500.0710   0.00226096
       7505.1471  0.000908292
       7510.2234  -0.00164649
       7515.2999  -0.00187349
       7520.3765  0.000512093
       7525.4533   0.00270006
       7530.5302   0.00347540
       7535.6074   0.00230691
       7540.6847 -0.000459189
       7545.7621  -0.00107541
       7550.8398   0.00157453
       7555.9176   0.00258308
       7560.9955  0.000821021
       7566.0737 -0.000314111
       7571.1520  -0.00111960
       7576.2304 -0.000907872
       7581.3091  0.000645706
       7586.3879  0.000538789
       7591.4668  8.22327e-05
       7596.5460  0.000655319
       7601.6253   0.00156115
       7606.7048  0.000309712
       7611.7844  -0.00190613
       7616.8642 -0.000330691
       7621.9442   0.00132301
       7627.0243   0.00171232
       7632.1046   0.00218838
       7637.1851  0.000642039
       7642.2658  0.000178415
       7647.3466   0.00130323
       7652.4276   0.00170379
       7657.5087   0.00128315
       7662.5901 -0.000613619
       7667.6715 -0.000958520
       7672.7532  0.000355293
       7677.8350 -7.63823e-05
       7682.9170  -0.00131420
       7687.9992  -0.00115343
       7693.0815 -0.000798989
       7698.1640  -0.00192748
       7703.2467  -0.00197193
       7708.3295 -0.000717827
       7713.4125 -1.33619e-05
       7718.4957 -0.000185524
       7723.5790 -0.000382025
       7728.6625 -0.000139113
       7733.7462  -0.00214412
       7738.8301  -0.00382886
       7743.9141  -0.00223450
       7748.9982  9.94243e-06
       7754.0826   0.00169757
       7759.1671  0.000384093
       7764.2518  -0.00182836
       7769.3366 -0.000928191
       7774.4217  0.000333258
       7779.5068  6.24339e-05
       7784.5922 -0.000665245
       7789.6777  -0.00115419
       7794.7634  -0.00214586
       7799.8493  -0.00176422
       7804.9353   0.00116854
       7810.0215   0.00163846
       7815.1079 -0.000659492
       7820.1944  -0.00132831
       7825.2811  -0.00168369
       7830.3680  -0.00192623
       7835.4550 -0.000691313
       7840.5422  0.000198400
       7845.6296  5.38678e-06
       7850.7171  -0.00132301
       7855.8048  -0.00204229
       7860.8927 -0.000337389
       7865.9808   0.00186959
       7871.0690   0.00214033
       7876.1574  2.85536e-05
       7881.2459 -0.000307394
       7886.3346   0.00287074
       7891.4235   0.00372119
       7896.5126   0.00286608
       7901.6018   0.00249753
       7906.6912   0.00122264
       7911.7808  0.000662193
       7916.8705 -3.38879e-06
       7921.9604  0.000130809
       7927.0505  0.000745606
       7932.1407  0.000993095
       7937.2311   0.00136889
       7942.3217  0.000468592
       7947.4124 -0.000762236
       7952.5033  -0.00177001
       7957.5944 -0.000832013
       7962.6856  0.000414185
       7967.7771  0.000473847
       7972.8686  0.000667606
       7977.9604 -8.35915e-05
       7983.0523  -0.00181247
       7988.1444  -0.00318644
       7993.2367  -0.00230370
       7998.3291 -0.000517625
       8003.4217   0.00102170
       8008.5144   0.00139495
       8013.6074 -0.000635811
       8018.7005  -0.00410156
       8023.7937  -0.00556334
       8028.8872  -0.00225693
       8033.9808  0.000532016
       8039.0746 -0.000639940
       8044.1685  -0.00178617
       8049.2626 -0.000570095
       8054.3569  0.000549491
       8059.4513  0.000578437
       8064.5460  0.000443508
       8069.6407  0.000563518
       8074.7357  0.000986657
       8079.8308 -1.11059e-05
       8084.9261  -0.00191747
       8090.0216  -0.00258222
       8095.1172  -0.00243637
       8100.2130  -0.00289244
       8105.3090  -0.00400864
       8110.4051  -0.00471534
       8115.5014  -0.00411685
       8120.5979  -0.00336099
       8125.6945  -0.00227336
       8130.7913  0.000686498
       8135.8883   0.00326441
       8140.9854   0.00351155
       8146.0828   0.00127785
       8151.1802  -0.00313865
       8156.2779  -0.00528779
       8161.3757  -0.00463478
       8166.4737  -0.00438630
       8171.5719  -0.00402358
       8176.6702  -0.00285699
       8181.7687 -0.000125016
       8186.8674   0.00262110
       8191.9662   0.00256177
       8197.0652   0.00160585
       8202.1644   0.00187748
       8207.2637  0.000895711
       8212.3632  -0.00174474
       8217.4629  -0.00244617
       8222.5628 -0.000776189
       8227.6628 -0.000126552
       8232.7630  -0.00108534
       8237.8633  -0.00195696
       8242.9638  -0.00188952
       8248.0645  -0.00218936
       8253.1654  -0.00341794
       8258.2664  -0.00237480
       8263.3676 -0.000577194
       8268.4690 -5.81804e-05
       8273.5705  6.50795e-05
       8278.6722 -8.52231e-05
       8283.7741  0.000329194
       8288.8762 -0.000243146
       8293.9784  -0.00216687
       8299.0808  -0.00332712
       8304.1833  -0.00197640
       8309.2860  0.000446105
       8314.3889 -0.000145406
       8319.4920  -0.00158967
       8324.5952 -0.000471308
       8329.6986  0.000423790
       8334.8022 -0.000645244
       8339.9059  -0.00142988
       8345.0098  4.92824e-05
       8350.1139   0.00229106
       8355.2181   0.00150301
       8360.3225 -0.000802041
       8365.4271 -0.000621750
       8370.5319 -6.65998e-05
       8375.6368  0.000273863
       8380.7419   0.00136157
       8385.8471  0.000550138
       8390.9525  -0.00110343
       8396.0581 -0.000472367
       8401.1639 -9.17694e-05
       8406.2698  -0.00203334
       8411.3759  -0.00217555
       8416.4822  0.000745124
       8421.5887   0.00164806
       8426.6953   0.00100230
       8431.8020   0.00143345
       8436.9090  0.000689114
       8442.0161 -0.000264834
       8447.1234 -0.000512122
       8452.2308 -0.000281719
       8457.3385 -0.000444833
       8462.4463  -0.00117938
       8467.5542  0.000269685
       8472.6624   0.00232812
       8477.7707   0.00188373
       8482.8791   0.00130539
       8487.9878   0.00359783
       8493.0966   0.00474938
       8498.2056   0.00144739
       8503.3147  0.000307423
       8508.4240   0.00226230
       8513.5335   0.00101799
       8518.6432  -0.00246824
       8523.7530  -0.00268946
       8528.8630  0.000894892
       8533.9732   0.00117862
       8539.0835 -0.000717263
       8544.1940 -0.000968548
       8549.3047  9.21140e-05
       8554.4155   0.00226630
       8559.5265   0.00195748
       8564.6377   0.00110187
       8569.7491   0.00111506
       8574.8606 -5.88603e-05
       8579.9723  -0.00139057
       8585.0841 -0.000903883
       8590.1962  0.000563319
       8595.3084  0.000369808
       8600.4207  0.000565956
       8605.5333   0.00129169
       8610.6460   0.00168125
       8615.7589   0.00338227
       8620.8719   0.00294525
       8625.9851   0.00193801
       8631.0985   0.00330790
       8636.2121   0.00160344
       8641.3258 -0.000773853
       8646.4397  0.000746761
       8651.5537   0.00227465
       8656.6680   0.00173983
       8661.7824   0.00160825
       8666.8970   0.00203309
       8672.0117   0.00198451
       8677.1266   0.00253143
       8682.2417   0.00238368
       8687.3569   0.00186268
       8692.4724  0.000972531
       8697.5880 -0.000210662
       8702.7037 -0.000275243
       8707.8196  0.000108120
       8712.9357  0.000677975
       8718.0520 -0.000507444
       8723.1685  -0.00117481
       8728.2851  0.000851684
       8733.4018   0.00284213
       8738.5188   0.00245763
       8743.6359  0.000524560
       8748.7532  0.000754830
       8753.8706   0.00148562
       8758.9883  0.000739233
       8764.1061  -0.00101748
       8769.2240  -0.00213803
       8774.3422  -0.00167988
       8779.4605  -0.00259111
       8784.5790  -0.00260514
       8789.6976  -0.00107276
       8794.8164  0.000100639
       8799.9354   0.00170362
       8805.0546  0.000846960
       8810.1739  0.000358165
       8815.2934   0.00266851
       8820.4130   0.00190289
       8825.5329  -0.00100260
       8830.6529 -0.000867918
       8835.7731  0.000320011
       8840.8934  4.09024e-05
       8846.0139 -0.000316034
       8851.1346  -0.00115333
       8856.2554  -0.00127797
       8861.3765 -0.000635946
       8866.4977  -0.00162032
       8871.6190  -0.00184734
       8876.7406 -0.000574722
       8881.8623  2.07167e-05
       8886.9841   0.00108366
       8892.1062   0.00233362
       8897.2284   0.00233036
       8902.3508   0.00227282
       8907.4733   0.00225644
       8912.5961   0.00197918
       8917.7190  0.000672711
       8922.8420  -0.00139818
       8927.9652  -0.00148852
       8933.0887 -0.000236196
       8938.2122  0.000859299
       8943.3360   0.00136241
       8948.4599  0.000490673
       8953.5840 -0.000625375
       8958.7082 -0.000117724
       8963.8326  0.000989268
       8968.9572   0.00146248
       8974.0820   0.00199779
       8979.2069  0.000809752
       8984.3320 -0.000241214
       8989.4573  0.000293972
       8994.5828 -0.000421596
       8999.7084 -0.000871302
       9004.8342  0.000501225
       9009.9601  0.000795988
       9015.0862  -0.00181231
       9020.2125  -0.00279049
       9025.3390  0.000512212
       9030.4656   0.00238760
       9035.5924  0.000140876
       9040.7194  -0.00154945
       9045.8466  -0.00208182
       9050.9739  -0.00187460
       9056.1014 -0.000641155
       9061.2290 -0.000327826
       9066.3569  0.000315516
       9071.4849   0.00111242
       9076.6130  0.000692099
       9081.7414 -0.000679123
       9086.8699  -0.00168866
       9091.9986 -0.000921930
       9097.1274  0.000232873
       9102.2564  0.000380531
       9107.3856  0.000339782
       9112.5150  0.000984136
       9117.6445  0.000302839
       9122.7742  -0.00100348
       9127.9041  0.000527138
       9133.0341   0.00165546
       9138.1643  -0.00160934
       9143.2947  -0.00476948
       9148.4253  -0.00318081
       9153.5560  0.000849093
       9158.6869   0.00272277
       9163.8180  0.000851685
       9168.9492  -0.00162353
       9174.0806 -0.000700546
       9179.2122   0.00163976
       9184.3439   0.00184432
       9189.4758   0.00108664
       9194.6079  -0.00148711
       9199.7402  -0.00366592
       9204.8726  -0.00205374
       9210.0052  0.000258150
       9215.1380  3.40659e-05
       9220.2709  -0.00171345
       9225.4040  -0.00202402
       9230.5373 -0.000630885
       9235.6708   0.00121103
       9240.8044 -0.000182365
       9245.9382  -0.00237234
       9251.0721  -0.00279756
       9256.2063  -0.00579583
       9261.3406  -0.00566358
       9266.4750  -0.00192932
       9271.6097  -0.00239620
       9276.7445  -0.00265488
       9281.8795  -0.00129104
       9287.0147  -0.00233690
       9292.1500  -0.00266104
       9297.2855  -0.00173747
       9302.4211 -0.000773718
       9307.5570  0.000680225
       9312.6930  0.000900066
       9317.8292 -2.69244e-05
       9322.9655  0.000493314
       9328.1021   0.00198291
       9333.2387   0.00107710
       9338.3756  7.58809e-05
       9343.5126 -0.000803444
       9348.6499  -0.00183344
       9353.7872  0.000367445
       9358.9248   0.00272857
       9364.0625   0.00283763
       9369.2004   0.00172766
       9374.3384  0.000540022
       9379.4767  0.000882069
       9384.6151   0.00146465
       9389.7536  0.000250470
       9394.8924 -0.000126963
       9400.0313  0.000619776
       9405.1704  0.000744667
       9410.3096  0.000444146
       9415.4491  -0.00122493
       9420.5887  -0.00152907
       9425.7284  0.000203684
       9430.8684   0.00130595
       9436.0085   0.00301866
       9441.1488   0.00503477
       9446.2892   0.00430672
       9451.4298   0.00169030
       9456.5706   0.00124936
       9461.7116   0.00404941
       9466.8527   0.00577051
       9471.9940   0.00485724
       9477.1355   0.00463553
       9482.2772   0.00460821
       9487.4190   0.00243929
       9492.5610 -0.000221357
       9497.7031 -0.000807426
       9502.8455   0.00192266
       9507.9880   0.00594599
       9513.1306   0.00926337
