################################################################################
# HI-MaNGA: HI Followup for the MaNGA Survey
# Observed under code: GBT16A_095
# Masters, K.L. et al. in prep.
################################################################################
# Telescope:   Robert C. Bryd Green Bank Telescope
# Beam Size:   9.0 [arcminutes] FWHM
# Object (MaNGA plate-ifu format): 8083-12704              
# RA Dec (J2000): 03 22 47.2  +00 08 58
# Rest Frequency  1420.4058 [MHz]
# Central velocity [km/s]: 6844.5   
# Integration time [seconds] is: 697.5   
# Date(s) of observations (UT): 2016-02-05 
################################################################################
# ASCII Table
# Generated by K. Masters   Fri Mar  3 13:36:01 2017
# The spectrum is baselined and Hanning smoothed
# Columns are: Velocity of HI (km/s), Flux (mJy)
################################################################################
       4419.4227  0.000546020
       4424.3976   0.00182346
       4429.3726   0.00414256
       4434.3478   0.00381008
       4439.3231  0.000801089
       4444.2986  0.000826145
       4449.2743  0.000170130
       4454.2501 -0.000825118
       4459.2261   0.00100577
       4464.2022   0.00293399
       4469.1786   0.00405887
       4474.1550   0.00394980
       4479.1317   0.00453848
       4484.1085   0.00541299
       4489.0854   0.00395242
       4494.0626   0.00197327
       4499.0399  0.000552823
       4504.0173 -0.000358672
       4508.9949  0.000676322
       4513.9727   0.00223293
       4518.9506   0.00186301
       4523.9288   0.00103799
       4528.9070  0.000648855
       4533.8854  0.000235632
       4538.8640  2.03064e-05
       4543.8428 -0.000513578
       4548.8217 -0.000939826
       4553.8008  -0.00164050
       4558.7800  -0.00164849
       4563.7595 -0.000366949
       4568.7390 -8.13127e-05
       4573.7188  5.48446e-06
       4578.6987  0.000762202
       4583.6787   0.00105338
       4588.6589  0.000677400
       4593.6393  0.000456798
       4598.6199 -0.000128658
       4603.6006 -0.000705540
       4608.5815  -0.00149004
       4613.5625  -0.00322105
       4618.5437  -0.00331037
       4623.5251  -0.00219882
       4628.5066  -0.00177578
       4633.4883  -0.00283181
       4638.4701  -0.00401847
       4643.4521  -0.00312324
       4648.4343  -0.00188234
       4653.4167  -0.00144526
       4658.3992  -0.00180322
       4663.3818  -0.00210934
       4668.3647 -0.000578241
       4673.3477   0.00236449
       4678.3308   0.00291849
       4683.3141  0.000882113
       4688.2976 -0.000996196
       4693.2813  -0.00242000
       4698.2651  -0.00167382
       4703.2491 -8.35325e-06
       4708.2332  0.000347411
       4713.2175  0.000720022
       4718.2020  0.000833359
       4723.1866  0.000394738
       4728.1714 -0.000610172
       4733.1563  -0.00149089
       4738.1414 -0.000856584
       4743.1267  0.000986118
       4748.1122   0.00238332
       4753.0978   0.00141013
       4758.0835  0.000856047
       4763.0695  0.000770195
       4768.0556 -0.000342918
       4773.0418  0.000133863
       4778.0282 -0.000895967
       4783.0148  -0.00301830
       4788.0016  -0.00208610
       4792.9885 -0.000288532
       4797.9756  0.000534451
       4802.9628  9.80741e-06
       4807.9502  -0.00158126
       4812.9378  -0.00250112
       4817.9255  -0.00270329
       4822.9134  -0.00268784
       4827.9014  -0.00189494
       4832.8896  -0.00181502
       4837.8780  -0.00244480
       4842.8666  -0.00135870
       4847.8553  0.000218657
       4852.8442  0.000682695
       4857.8332 -2.00280e-05
       4862.8224  -0.00147669
       4867.8117  -0.00320521
       4872.8013  -0.00444177
       4877.7910  -0.00379350
       4882.7808  -0.00189884
       4887.7708 -0.000258590
       4892.7610 -0.000575739
       4897.7513  -0.00265001
       4902.7419  -0.00358158
       4907.7325  -0.00239961
       4912.7234  -0.00255290
       4917.7144  -0.00334112
       4922.7055  -0.00226134
       4927.6968  -0.00116616
       4932.6883  3.89954e-05
       4937.6800   0.00100821
       4942.6718   0.00176261
       4947.6638   0.00109184
       4952.6559  -0.00133090
       4957.6482 -0.000469583
       4962.6407   0.00223027
       4967.6333   0.00160568
       4972.6261  0.000100242
       4977.6191   0.00133311
       4982.6122   0.00239917
       4987.6055   0.00151634
       4992.5989   0.00116469
       4997.5925   0.00191652
       5002.5863   0.00156669
       5007.5803 -0.000342711
       5012.5744 -0.000822064
       5017.5686  2.07401e-05
       5022.5631 -0.000370640
       5027.5577  -0.00188417
       5032.5524  -0.00317233
       5037.5473  -0.00327994
       5042.5424  -0.00266943
       5047.5377  -0.00145243
       5052.5331  0.000509338
       5057.5287   0.00120017
       5062.5244  0.000979685
       5067.5203  9.85741e-05
       5072.5164 -0.000202475
       5077.5126   0.00131376
       5082.5090   0.00144211
       5087.5056 -0.000943273
       5092.5023  -0.00230159
       5097.4992 -0.000603959
       5102.4962 -0.000355333
       5107.4934  -0.00255725
       5112.4908  -0.00272250
       5117.4884  -0.00135042
       5122.4861  -0.00111013
       5127.4839 -0.000520768
       5132.4820  0.000611283
       5137.4802   0.00210516
       5142.4785   0.00350453
       5147.4771   0.00208356
       5152.4757 -0.000268917
       5157.4746  0.000153872
       5162.4736   0.00120818
       5167.4728   0.00113915
       5172.4721   0.00161402
       5177.4717   0.00135936
       5182.4713  0.000637030
       5187.4712  0.000952066
       5192.4712   0.00108681
       5197.4713  0.000273361
       5202.4717 -2.88462e-05
       5207.4722  0.000746924
       5212.4728  0.000574180
       5217.4736 -0.000455295
       5222.4746 -0.000100788
       5227.4758   0.00147244
       5232.4771   0.00296977
       5237.4786   0.00174831
       5242.4802 -0.000547310
       5247.4820 -0.000593058
       5252.4840  0.000518168
       5257.4861   0.00239942
       5262.4884   0.00184596
       5267.4909  0.000745768
       5272.4935   0.00183398
       5277.4963   0.00129591
       5282.4992  0.000683726
       5287.5023   0.00208512
       5292.5056   0.00251907
       5297.5091  5.11062e-05
       5302.5127  -0.00121342
       5307.5165  0.000751070
       5312.5204   0.00160485
       5317.5245  0.000958509
       5322.5288  0.000758427
       5327.5332  6.43659e-05
       5332.5378 -0.000744374
       5337.5425  0.000644724
       5342.5475   0.00177122
       5347.5526   0.00129216
       5352.5578  0.000500566
       5357.5632 -0.000142235
       5362.5688  0.000871549
       5367.5745   0.00118524
       5372.5805 -3.48254e-05
       5377.5865 -0.000228315
       5382.5928  0.000632650
       5387.5992   0.00188796
       5392.6057   0.00252888
       5397.6125   0.00208338
       5402.6194   0.00250625
       5407.6264   0.00325503
       5412.6336   0.00266810
       5417.6410   0.00136056
       5422.6486  8.14834e-05
       5427.6563  0.000446521
       5432.6642  0.000993177
       5437.6722 -0.000585934
       5442.6804  -0.00127924
       5447.6888 -0.000279951
       5452.6973  0.000521657
       5457.7060   0.00108172
       5462.7149   0.00108110
       5467.7239   0.00106721
       5472.7331   0.00140573
       5477.7425   0.00146551
       5482.7520   0.00126565
       5487.7617  0.000442632
       5492.7715  0.000532171
       5497.7816   0.00117815
       5502.7917  0.000720789
       5507.8021 -0.000259267
       5512.8126 -0.000853348
       5517.8233 -0.000155618
       5522.8341   0.00112361
       5527.8451   0.00291559
       5532.8563   0.00434421
       5537.8676   0.00328185
       5542.8791  0.000721762
       5547.8908 -0.000572997
       5552.9026  0.000187671
       5557.9146   0.00120344
       5562.9267  0.000685730
       5567.9391 -0.000138679
       5572.9515  0.000291096
       5577.9642   0.00108946
       5582.9770  0.000636157
       5587.9900 -0.000495860
       5593.0031 -0.000331660
       5598.0164 -0.000751252
       5603.0299  -0.00150129
       5608.0435  0.000102251
       5613.0573  8.51964e-05
       5618.0713 -0.000179384
       5623.0854   0.00134214
       5628.0997  0.000764626
       5633.1142  0.000835706
       5638.1288   0.00188058
       5643.1436  0.000299224
       5648.1586  -0.00159556
       5653.1737 -0.000911023
       5658.1890  0.000410209
       5663.2044   0.00101988
       5668.2200  0.000427075
       5673.2358  -0.00182602
       5678.2517  -0.00333536
       5683.2678  -0.00231894
       5688.2841  0.000342677
       5693.3005  0.000450113
       5698.3171 -0.000728096
       5703.3339   0.00107213
       5708.3508   0.00152034
       5713.3679 -0.000270475
       5718.3852 -0.000913183
       5723.4026 -0.000557899
       5728.4202 -0.000226433
       5733.4380 -0.000639794
       5738.4559  -0.00106845
       5743.4740  -0.00176240
       5748.4922  -0.00122955
       5753.5106   0.00204108
       5758.5292   0.00313521
       5763.5479   0.00124926
       5768.5669   0.00141407
       5773.5859   0.00250138
       5778.6052   0.00266931
       5783.6246   0.00185747
       5788.6441  0.000971704
       5793.6639   0.00141324
       5798.6838  0.000822850
       5803.7038 -0.000163717
       5808.7241  0.000477849
       5813.7444   0.00198074
       5818.7650   0.00205013
       5823.7857   0.00183333
       5828.8066   0.00312258
       5833.8277   0.00248640
       5838.8489   0.00139789
       5843.8703   0.00260316
       5848.8918   0.00357270
       5853.9135   0.00323679
       5858.9354   0.00221000
       5863.9574  0.000540622
       5868.9797 -0.000273261
       5874.0020  0.000656111
       5879.0246  0.000756459
       5884.0473  -0.00120074
       5889.0701  -0.00282818
       5894.0932  -0.00332162
       5899.1164  -0.00311575
       5904.1397 -0.000797183
       5909.1633   0.00101514
       5914.1869 -0.000205963
       5919.2108  -0.00240260
       5924.2348  -0.00265239
       5929.2590 -0.000585211
       5934.2834   0.00128631
       5939.3079   0.00200268
       5944.3326   0.00195840
       5949.3574   0.00266748
       5954.3824   0.00209116
       5959.4076  -0.00101157
       5964.4330  -0.00251043
       5969.4585  -0.00141657
       5974.4841  0.000212179
       5979.5100  0.000161704
       5984.5360  -0.00125532
       5989.5622  -0.00133548
       5994.5885  -0.00154698
       5999.6150  -0.00212444
       6004.6417  -0.00147029
       6009.6685  -0.00102815
       6014.6955 -0.000631172
       6019.7226 -0.000905079
       6024.7500  -0.00266371
       6029.7775  -0.00382746
       6034.8051  -0.00282460
       6039.8329  -0.00129888
       6044.8609  -0.00180448
       6049.8891  -0.00256562
       6054.9174 -0.000423240
       6059.9459   0.00117362
       6064.9745 -0.000381840
       6070.0034  -0.00152618
       6075.0323  0.000136125
       6080.0615   0.00210988
       6085.0908   0.00120205
       6090.1203  0.000107553
       6095.1499  0.000806658
       6100.1797  0.000308987
       6105.2097 -0.000741205
       6110.2398 -0.000223640
       6115.2701 -0.000648707
       6120.3006  -0.00157576
       6125.3312 -0.000722045
       6130.3620 -0.000210689
       6135.3930  -0.00114835
       6140.4241  -0.00228451
       6145.4554  -0.00224890
       6150.4869  -0.00119397
       6155.5185  -0.00134042
       6160.5503  -0.00119284
       6165.5823  0.000693855
       6170.6144   0.00139186
       6175.6467  0.000177413
       6180.6791 -0.000800284
       6185.7118 -0.000951404
       6190.7445  -0.00226016
       6195.7775  -0.00257231
       6200.8106 -0.000140565
       6205.8439  0.000389978
       6210.8773 -0.000923213
       6215.9110  -0.00156096
       6220.9447 -0.000180436
       6225.9787   0.00163121
       6231.0128 -0.000123544
       6236.0471  -0.00242130
       6241.0815  -0.00158735
       6246.1161  0.000303595
       6251.1509 -0.000787612
       6256.1858  -0.00232687
       6261.2209  -0.00110690
       6266.2562 -0.000104815
       6271.2916  0.000702341
       6276.3272   0.00115150
       6281.3630  0.000369079
       6286.3990  -0.00117312
       6291.4350  -0.00280080
       6296.4713  -0.00174501
       6301.5077   0.00153306
       6306.5443   0.00247592
       6311.5811   0.00150306
       6316.6180  0.000889858
       6321.6551 -1.59818e-06
       6326.6924  2.89723e-05
       6331.7298 -0.000168809
       6336.7674  -0.00112092
       6341.8052 -0.000700850
       6346.8431 -0.000434257
       6351.8812  -0.00174755
       6356.9194  -0.00219295
       6361.9578  -0.00103025
       6366.9964 -0.000609780
       6372.0352 -0.000670496
       6377.0741   0.00101972
       6382.1132   0.00223021
       6387.1524  0.000792833
       6392.1918  -0.00122710
       6397.2314  -0.00229187
       6402.2712  -0.00235732
       6407.3111  -0.00219651
       6412.3512  -0.00137693
       6417.3914  -0.00102277
       6422.4318  -0.00230568
       6427.4724  -0.00258619
       6432.5131  -0.00108890
       6437.5540  7.05324e-05
       6442.5951  0.000758219
       6447.6364   0.00208768
       6452.6778   0.00148121
       6457.7193 -0.000932803
       6462.7611 -0.000891964
       6467.8030 -0.000358216
       6472.8451  -0.00115470
       6477.8873  -0.00182865
       6482.9297  -0.00171839
       6487.9723  0.000170090
       6493.0150   0.00207438
       6498.0579   0.00137537
       6503.1010  9.15211e-05
       6508.1442 -3.89192e-05
       6513.1876 -0.000966786
       6518.2312  -0.00283831
       6523.2749  -0.00301727
       6528.3188  -0.00198440
       6533.3628  -0.00127014
       6538.4071 -0.000117664
       6543.4515 -0.000467170
       6548.4960  -0.00143753
       6553.5408 -0.000672075
       6558.5857 -0.000493944
       6563.6307 -0.000421701
       6568.6759  6.91408e-05
       6573.7213 -0.000543275
       6578.7669  -0.00120758
       6583.8126  -0.00148974
       6588.8585  -0.00165697
       6593.9046 -0.000978722
       6598.9508 -0.000124944
       6603.9972 -0.000149022
       6609.0437 -0.000363488
       6614.0905  -0.00116363
       6619.1373  -0.00284968
       6624.1844  -0.00234546
       6629.2316 -0.000820436
       6634.2790  -0.00245073
       6639.3266  -0.00282404
       6644.3743  -0.00109024
       6649.4222  0.000409854
       6654.4702   0.00206785
       6659.5184   0.00137303
       6664.5668  0.000211818
       6669.6154 -0.000668927
       6674.6641  -0.00172029
       6679.7130  -0.00172357
       6684.7620 -0.000584778
       6689.8112   0.00162442
       6694.8606   0.00133464
       6699.9102 -0.000737006
       6704.9599  -0.00114403
       6710.0098 -0.000821222
       6715.0598  0.000225264
       6720.1100   0.00171226
       6725.1604   0.00238295
       6730.2110   0.00180058
       6735.2617   0.00262925
       6740.3126   0.00471424
       6745.3636   0.00720262
       6750.4148    0.0121843
       6755.4662    0.0181563
       6760.5177    0.0235954
       6765.5695    0.0255089
       6770.6213    0.0239908
       6775.6734    0.0231570
       6780.7256    0.0227318
       6785.7780    0.0219608
       6790.8305    0.0217610
       6795.8832    0.0212498
       6800.9361    0.0203299
       6805.9892    0.0197951
       6811.0424    0.0192027
       6816.0957    0.0184848
       6821.1493    0.0174502
       6826.2030    0.0167064
       6831.2569    0.0167801
       6836.3109    0.0168547
       6841.3651    0.0175147
       6846.4195    0.0182654
       6851.4741    0.0175005
       6856.5288    0.0161352
       6861.5836    0.0153028
       6866.6387    0.0159282
       6871.6939    0.0181275
       6876.7493    0.0176720
       6881.8048    0.0151901
       6886.8605    0.0165436
       6891.9164    0.0192637
       6896.9725    0.0204174
       6902.0287    0.0207915
       6907.0851    0.0197235
       6912.1416    0.0197930
       6917.1983    0.0220098
       6922.2552    0.0227098
       6927.3122    0.0221336
       6932.3694    0.0216114
       6937.4268    0.0221623
       6942.4844    0.0254213
       6947.5421    0.0280183
       6952.6000    0.0273490
       6957.6580    0.0241394
       6962.7162    0.0182939
       6967.7746    0.0114940
       6972.8331   0.00801852
       6977.8919   0.00731075
       6982.9507   0.00591991
       6988.0098   0.00399474
       6993.0690   0.00222195
       6998.1284   0.00135538
       7003.1879   0.00182933
       7008.2476   0.00145593
       7013.3075 -0.000293588
       7018.3676  -0.00137565
       7023.4278  -0.00111505
       7028.4882  0.000136082
       7033.5487  0.000311189
       7038.6094 -0.000322415
       7043.6703  0.000393169
       7048.7314  0.000634263
       7053.7926 -2.14699e-05
       7058.8540  0.000670890
       7063.9155   0.00148423
       7068.9772  0.000490258
       7074.0391 -0.000643035
       7079.1012  7.17900e-05
       7084.1634 -0.000593422
       7089.2258  -0.00213526
       7094.2883  0.000550465
       7099.3510   0.00237572
       7104.4139   0.00112789
       7109.4770   0.00219796
       7114.5402   0.00279450
       7119.6036  0.000675624
       7124.6671 -9.62545e-05
       7129.7309 -0.000131175
       7134.7948  -0.00138056
       7139.8588  -0.00176409
       7144.9230 -0.000723488
       7149.9874   0.00122307
       7155.0520   0.00283453
       7160.1167   0.00300927
       7165.1816   0.00316303
       7170.2467   0.00235321
       7175.3119  0.000862524
       7180.3773 -0.000110696
       7185.4428 -0.000634904
       7190.5086 -0.000201585
       7195.5745  0.000577358
       7200.6405  0.000326616
       7205.7068 -0.000274592
       7210.7732   0.00103533
       7215.8397   0.00138343
       7220.9064 -0.000295611
       7225.9733  -0.00172425
       7231.0404  -0.00105366
       7236.1076  0.000469156
       7241.1750 -0.000531307
       7246.2426  -0.00174842
       7251.3103  -0.00159867
       7256.3782 -0.000381994
       7261.4463   0.00109840
       7266.5146   0.00192732
       7271.5830   0.00266116
       7276.6515   0.00151502
       7281.7203 -0.000580462
       7286.7892  -0.00131041
       7291.8582  -0.00193997
       7296.9275  -0.00147426
       7301.9969  6.55241e-06
       7307.0665  0.000584114
       7312.1362  0.000923028
       7317.2061  0.000819190
       7322.2762  0.000393618
       7327.3464  0.000724561
       7332.4169   0.00117454
       7337.4874  0.000754880
       7342.5582   0.00126528
       7347.6291   0.00111254
       7352.7002 -0.000820649
       7357.7714 -0.000574092
       7362.8428 -0.000389635
       7367.9144  -0.00171859
       7372.9862  -0.00138623
       7378.0581  0.000193235
       7383.1302  0.000696976
       7388.2024 -0.000268523
       7393.2749 -0.000408737
       7398.3475 -0.000379464
       7403.4202  -0.00210755
       7408.4931  -0.00250996
       7413.5662 -0.000536619
       7418.6395   0.00121337
       7423.7129   0.00124142
       7428.7865  0.000609366
       7433.8603   0.00120218
       7438.9342   0.00230937
       7444.0083   0.00306612
       7449.0826   0.00275392
       7454.1570   0.00134341
       7459.2316  0.000350420
       7464.3064  0.000917843
       7469.3813  0.000912673
       7474.4564  -0.00138510
       7479.5317  -0.00203195
       7484.6071 -0.000436024
       7489.6827 -0.000275218
       7494.7585  0.000542933
       7499.8344   0.00235408
       7504.9105   0.00172960
       7509.9868 -0.000228382
       7515.0633 -0.000945221
       7520.1399 -0.000223262
       7525.2167 -0.000120091
       7530.2936 -0.000331860
       7535.3707   0.00142767
       7540.4480   0.00394557
       7545.5255   0.00346834
       7550.6031   0.00125024
       7555.6809   0.00119232
       7560.7588   0.00183911
       7565.8369  0.000750026
       7570.9152 -0.000391031
       7575.9937 -3.77417e-05
       7581.0723  0.000902717
       7586.1511   0.00102915
       7591.2301  0.000512383
       7596.3092   0.00165772
       7601.3885   0.00441521
       7606.4680   0.00453840
       7611.5476   0.00231450
       7616.6274   0.00211607
       7621.7074   0.00298631
       7626.7875   0.00357064
       7631.8678   0.00362208
       7636.9483   0.00311560
       7642.0289   0.00178229
       7647.1097 -0.000746522
       7652.1907  -0.00169915
       7657.2718 -0.000168285
       7662.3531   0.00142435
       7667.4346  0.000660467
       7672.5163 -0.000963161
       7677.5981  0.000245886
       7682.6801   0.00289895
       7687.7622   0.00352782
       7692.8445   0.00273816
       7697.9270   0.00184664
       7703.0097   0.00139257
       7708.0925   0.00106005
       7713.1755  0.000483405
       7718.2587  0.000264303
       7723.3420  0.000127076
       7728.4255  0.000189588
       7733.5092  0.000118053
       7738.5930  4.36406e-05
       7743.6770 -0.000751501
       7748.7612  -0.00211684
       7753.8455 -0.000669407
       7758.9300   0.00110218
       7764.0147 -0.000105666
       7769.0995 -0.000450299
       7774.1845  0.000437636
       7779.2697 -0.000879672
       7784.3550  -0.00195900
       7789.4406 -0.000673566
       7794.5262  0.000458698
       7799.6121   0.00126501
       7804.6981   0.00113395
       7809.7843  -0.00110694
       7814.8706  -0.00227060
       7819.9572  -0.00172350
       7825.0439  -0.00200218
       7830.1307 -0.000941916
       7835.2177   0.00168830
       7840.3049   0.00149147
       7845.3923 -0.000867949
       7850.4798 -0.000742788
       7855.5675   0.00210460
       7860.6554   0.00236033
       7865.7434 -7.15205e-06
       7870.8317 -0.000131316
       7875.9200   0.00123022
       7881.0086   0.00185861
       7886.0973   0.00216670
       7891.1862   0.00206285
       7896.2752  0.000772976
       7901.3644 -0.000894029
       7906.4538 -0.000914560
       7911.5434  0.000984219
       7916.6331   0.00356220
       7921.7230   0.00473962
       7926.8130   0.00317203
       7931.9032   0.00182953
       7936.9936  0.000456614
       7942.0842  -0.00225845
       7947.1749  -0.00164794
       7952.2658 -0.000156194
       7957.3569 -0.000923778
       7962.4481  0.000511672
       7967.5395   0.00231752
       7972.6311  0.000940394
       7977.7229 -0.000544638
       7982.8148 -0.000124580
       7987.9068  0.000323526
       7992.9991 -0.000404126
       7998.0915  -0.00261233
       8003.1841  -0.00392158
       8008.2768  -0.00232569
       8013.3698  -0.00143489
       8018.4629  -0.00162369
       8023.5561  -0.00206210
       8028.6495  -0.00203176
       8033.7431 -0.000872182
       8038.8369 -0.000899416
       8043.9308  -0.00164572
       8049.0249  -0.00186974
       8054.1192 -0.000895250
       8059.2136  9.33907e-05
       8064.3082  0.000844858
       8069.4030   0.00153761
       8074.4980  0.000476630
       8079.5931  -0.00139348
       8084.6884  -0.00209528
       8089.7838  -0.00184020
       8094.8794  -0.00147487
       8099.9752  -0.00109753
       8105.0712  -0.00142464
       8110.1673  -0.00210081
       8115.2636  -0.00229135
       8120.3600  -0.00154463
       8125.4567  -0.00130082
       8130.5535  -0.00224806
       8135.6504  -0.00218213
       8140.7476  -0.00216782
       8145.8449  -0.00234370
       8150.9424  -0.00220722
       8156.0400  -0.00265657
       8161.1378  -0.00263902
       8166.2358  -0.00164276
       8171.3339  7.71427e-05
       8176.4323   0.00111965
       8181.5308  0.000243107
       8186.6294 -0.000276863
       8191.7282  0.000659270
       8196.8272 -0.000724603
       8201.9264  -0.00349266
       8207.0257  -0.00290606
       8212.1252  -0.00127473
       8217.2249  -0.00122940
       8222.3247  -0.00132266
       8227.4247  -0.00119409
       8232.5249 -0.000646492
       8237.6253 -0.000752736
       8242.7258  -0.00214150
       8247.8265  -0.00290770
       8252.9273  -0.00161756
       8258.0283 -0.000588444
       8263.1295  -0.00109220
       8268.2309 -0.000725357
       8273.3324 -0.000228948
       8278.4341 -0.000686588
       8283.5360 -0.000317161
       8288.6380  0.000270959
       8293.7402  -0.00115704
       8298.8426  -0.00257161
       8303.9451  -0.00134317
       8309.0478  0.000722475
       8314.1507  0.000739218
       8319.2538 -0.000262917
       8324.3570 -0.000611086
       8329.4604 -0.000800821
       8334.5639 -0.000524613
       8339.6676  0.000514909
       8344.7715  0.000481636
       8349.8756 -0.000318475
       8354.9798 -0.000122167
       8360.0842 -0.000115731
       8365.1888 -0.000484829
       8370.2935  -0.00149965
       8375.3984  -0.00205341
       8380.5035  -0.00157013
       8385.6088  -0.00123689
       8390.7142 -6.57214e-05
       8395.8198   0.00121309
       8400.9255   0.00158567
       8406.0314   0.00201202
       8411.1375   0.00206059
       8416.2438   0.00170951
       8421.3502   0.00152917
       8426.4568 -4.10874e-05
       8431.5636  -0.00136998
       8436.6705  0.000300788
       8441.7776   0.00159239
       8446.8849  0.000449282
       8451.9924  0.000296088
       8457.1000  0.000783150
       8462.2078  0.000416852
       8467.3157  0.000272591
       8472.4238 -0.000226186
       8477.5321 -0.000552332
       8482.6406  0.000371037
       8487.7492   0.00186103
       8492.8580   0.00203808
       8497.9670  9.22814e-05
       8503.0761  0.000136531
       8508.1854   0.00119665
       8513.2949  0.000335542
       8518.4046  0.000617476
       8523.5144   0.00109258
       8528.6244  0.000799712
       8533.7345  0.000818079
       8538.8448 -0.000329159
       8543.9553  -0.00132314
       8549.0660 -0.000891573
       8554.1768 -0.000548104
       8559.2878 -0.000270034
       8564.3990 -0.000862346
       8569.5104  -0.00129692
       8574.6219 -8.80712e-05
       8579.7335  0.000310505
       8584.8454 -0.000771246
       8589.9574  -0.00106266
       8595.0696 -0.000722415
       8600.1820  -0.00157369
       8605.2945  -0.00195494
       8610.4072  -0.00108157
       8615.5201  -0.00147874
       8620.6331  -0.00189589
       8625.7463  -0.00132093
       8630.8597 -0.000795985
       8635.9732  0.000307477
       8641.0869  0.000962355
       8646.2008  0.000611582
       8651.3149 -0.000525534
       8656.4291  -0.00193847
       8661.5435  -0.00166147
       8666.6580 -0.000118915
       8671.7728  0.000759327
       8676.8877   0.00163723
       8682.0027   0.00161969
       8687.1180  0.000423890
       8692.2334  0.000856845
       8697.3490   0.00145025
       8702.4647   0.00203630
       8707.5806   0.00283444
       8712.6967  0.000838762
       8717.8130 -0.000249414
       8722.9294  0.000628392
       8728.0460 -0.000122013
       8733.1628 -0.000615492
       8738.2797 -6.36455e-05
       8743.3968  0.000499917
       8748.5141   0.00117317
       8753.6316   0.00141617
       8758.7492  0.000969354
       8763.8670  0.000405447
       8768.9849  0.000245932
       8774.1030  0.000665185
       8779.2213  0.000668716
       8784.3398 -0.000784098
       8789.4584  -0.00116687
       8794.5772  4.12449e-05
       8799.6962  4.16965e-05
       8804.8154 -5.73965e-05
       8809.9347 -0.000233575
       8815.0542 -0.000758803
       8820.1738  0.000661987
       8825.2936   0.00212025
       8830.4136  0.000840388
       8835.5338  -0.00123141
       8840.6541  -0.00119036
       8845.7746  0.000323074
       8850.8953   0.00109820
       8856.0162   0.00131786
       8861.1372   0.00146466
       8866.2584   0.00159039
       8871.3797   0.00253500
       8876.5012   0.00238335
       8881.6229 -0.000588944
       8886.7448  -0.00227242
       8891.8668  -0.00101871
       8896.9890 -0.000218291
       8902.1114 -0.000144249
       8907.2339  0.000170750
       8912.3567  0.000665756
       8917.4795  0.000566731
       8922.6026  0.000299360
       8927.7258   0.00133637
       8932.8492   0.00229890
       8937.9728   0.00189374
       8943.0965  0.000653499
       8948.2204 -1.85146e-06
       8953.3445   0.00103503
       8958.4687   0.00218559
       8963.5931   0.00112628
       8968.7177 -0.000168746
       8973.8425  5.92269e-05
       8978.9674  0.000235538
       8984.0925 -0.000337317
       8989.2178 -0.000664782
       8994.3432 -3.41107e-06
       8999.4688   0.00143278
       9004.5946   0.00268372
       9009.7205   0.00207096
       9014.8466  0.000808964
       9019.9729 -1.29843e-05
       9025.0994 -0.000705829
       9030.2260 -0.000637771
       9035.3528  -0.00122993
       9040.4798  -0.00231492
       9045.6069  -0.00190990
       9050.7342  -0.00217680
       9055.8617  -0.00179832
       9060.9893 -0.000225597
       9066.1171 -0.000530946
       9071.2451 -0.000863333
       9076.3733  -0.00143696
       9081.5016  -0.00200384
       9086.6301 -0.000904944
       9091.7588 -0.000230135
       9096.8876  0.000141879
       9102.0166  0.000982100
       9107.1458  0.000896690
       9112.2752  0.000537410
       9117.4047  0.000236095
       9122.5344  -0.00122648
       9127.6642  -0.00259901
       9132.7943  -0.00235766
       9137.9245  -0.00151154
       9143.0548  -0.00185305
       9148.1854  -0.00281963
       9153.3161  -0.00273428
       9158.4470  -0.00161458
       9163.5780   0.00137818
       9168.7093   0.00301772
       9173.8407   0.00179235
       9178.9722   0.00231924
       9184.1040   0.00319711
       9189.2359   0.00244692
       9194.3679  0.000909500
       9199.5002 -0.000343423
       9204.6326 -0.000557489
       9209.7652 -4.64003e-05
       9214.8980  0.000893397
       9220.0309  0.000823939
       9225.1640   0.00133122
       9230.2973   0.00189982
       9235.4307   0.00105693
       9240.5643  0.000312995
       9245.6981 -0.000800251
       9250.8320  -0.00153081
       9255.9662  -0.00140159
